keyLength        |encrypt(ms)      |decrypt(ms)      |

160              |28.00            |36.00            |
160              |28.00            |35.00            |
160              |29.00            |37.00            |
160              |28.00            |36.00            |
160              |28.00            |37.00            |
160              |30.00            |35.00            |
160              |28.00            |34.00            |
160              |28.00            |35.00            |
160              |28.00            |35.00            |
160              |29.00            |34.00            |
160              |28.00            |36.00            |
160              |30.00            |35.00            |
160              |30.00            |35.00            |
160              |30.00            |36.00            |
160              |28.00            |36.00            |
160              |29.00            |38.00            |
160              |30.00            |35.00            |
160              |28.00            |36.00            |
160              |28.00            |36.00            |
160              |29.00            |35.00            |
160              |28.00            |36.00            |
160              |29.00            |35.00            |
160              |29.00            |37.00            |
160              |30.00            |38.00            |
160              |28.00            |36.00            |
160              |30.00            |36.00            |
160              |28.00            |36.00            |
160              |31.00            |36.00            |
160              |30.00            |36.00            |
160              |29.00            |35.00            |
160              |29.00            |36.00            |
160              |30.00            |35.00            |
160              |30.00            |36.00            |
160              |29.00            |35.00            |
160              |29.00            |35.00            |
160              |28.00            |36.00            |
160              |29.00            |36.00            |
160              |30.00            |34.00            |
160              |29.00            |34.00            |
160              |29.00            |35.00            |
160              |28.00            |37.00            |
160              |29.00            |35.00            |
160              |29.00            |35.00            |
160              |28.00            |34.00            |
160              |29.00            |34.00            |
160              |28.00            |34.00            |
160              |29.00            |34.00            |
160              |30.00            |34.00            |
160              |28.00            |37.00            |
160              |29.00            |34.00            |
160              |27.00            |35.00            |
160              |28.00            |36.00            |
160              |28.00            |34.00            |
160              |28.00            |34.00            |
160              |30.00            |34.00            |
160              |30.00            |36.00            |
160              |29.00            |35.00            |
160              |28.00            |36.00            |
160              |29.00            |36.00            |
160              |27.00            |37.00            |
160              |29.00            |35.00            |
160              |28.00            |35.00            |
160              |29.00            |34.00            |
160              |29.00            |36.00            |
160              |28.00            |34.00            |
160              |29.00            |36.00            |
160              |28.00            |36.00            |
160              |28.00            |34.00            |
160              |29.00            |34.00            |
160              |28.00            |35.00            |
160              |29.00            |35.00            |
160              |29.00            |34.00            |
160              |30.00            |35.00            |
160              |29.00            |35.00            |
160              |30.00            |36.00            |
160              |29.00            |36.00            |
160              |28.00            |34.00            |
160              |29.00            |35.00            |
160              |29.00            |36.00            |
160              |30.00            |35.00            |
160              |30.00            |35.00            |
160              |30.00            |36.00            |
160              |28.00            |35.00            |
160              |30.00            |35.00            |
160              |29.00            |35.00            |
160              |28.00            |34.00            |
160              |29.00            |35.00            |
160              |29.00            |34.00            |
160              |28.00            |36.00            |
160              |28.00            |35.00            |
160              |29.00            |36.00            |
160              |29.00            |35.00            |
160              |29.00            |35.00            |
160              |29.00            |36.00            |
160              |29.00            |36.00            |
160              |29.00            |34.00            |
160              |28.00            |35.00            |
160              |27.00            |34.00            |
160              |29.00            |36.00            |
160              |29.00            |35.00            |
160              |29.00            |35.00            |
160              |29.00            |35.00            |
160              |29.00            |36.00            |
160              |29.00            |34.00            |
160              |29.00            |34.00            |
160              |28.00            |36.00            |
160              |29.00            |36.00            |
160              |30.00            |34.00            |
160              |30.00            |36.00            |
160              |30.00            |36.00            |
160              |28.00            |34.00            |
160              |29.00            |35.00            |
160              |29.00            |34.00            |
160              |28.00            |36.00            |
160              |30.00            |36.00            |
160              |29.00            |37.00            |
160              |29.00            |36.00            |
160              |28.00            |35.00            |
160              |28.00            |34.00            |
160              |27.00            |34.00            |
160              |27.00            |34.00            |
160              |27.00            |34.00            |
160              |27.00            |34.00            |
160              |27.00            |34.00            |
160              |27.00            |33.00            |
160              |27.00            |34.00            |
160              |27.00            |34.00            |
160              |27.00            |33.00            |
160              |27.00            |34.00            |
160              |27.00            |33.00            |
160              |27.00            |33.00            |
160              |27.00            |33.00            |
160              |28.00            |34.00            |
160              |28.00            |34.00            |
160              |28.00            |33.00            |
160              |27.00            |34.00            |
160              |27.00            |34.00            |
160              |27.00            |33.00            |
160              |28.00            |34.00            |
160              |28.00            |34.00            |
160              |28.00            |33.00            |
160              |28.00            |34.00            |
160              |28.00            |34.00            |
160              |27.00            |34.00            |
160              |28.00            |34.00            |
160              |27.00            |34.00            |
160              |28.00            |34.00            |
160              |27.00            |34.00            |
160              |27.00            |34.00            |
160              |28.00            |33.00            |
160              |28.00            |34.00            |
160              |28.00            |34.00            |
160              |27.00            |34.00            |
160              |28.00            |34.00            |
160              |27.00            |34.00            |
160              |27.00            |33.00            |
160              |27.00            |33.00            |
160              |27.00            |34.00            |
160              |27.00            |33.00            |
160              |28.00            |34.00            |
160              |28.00            |35.00            |
160              |28.00            |34.00            |
160              |27.00            |33.00            |
160              |27.00            |33.00            |
160              |28.00            |33.00            |
160              |27.00            |33.00            |
160              |27.00            |33.00            |
160              |27.00            |34.00            |
160              |28.00            |35.00            |
160              |28.00            |34.00            |
160              |28.00            |34.00            |
160              |27.00            |34.00            |
160              |28.00            |35.00            |
160              |28.00            |33.00            |
160              |27.00            |34.00            |
160              |27.00            |34.00            |
160              |27.00            |33.00            |
160              |28.00            |34.00            |
160              |27.00            |34.00            |
160              |27.00            |34.00            |
160              |28.00            |34.00            |
160              |27.00            |33.00            |
160              |28.00            |34.00            |
160              |28.00            |35.00            |
160              |29.00            |35.00            |
160              |29.00            |37.00            |
160              |29.00            |34.00            |
160              |29.00            |37.00            |
160              |28.00            |35.00            |
160              |29.00            |34.00            |
160              |28.00            |36.00            |
160              |28.00            |34.00            |
160              |28.00            |34.00            |
160              |28.00            |35.00            |
160              |29.00            |34.00            |
160              |28.00            |35.00            |
160              |27.00            |34.00            |
160              |28.00            |34.00            |
160              |29.00            |35.00            |
160              |29.00            |35.00            |
224              |56.00            |66.00            |
224              |58.00            |66.00            |
224              |57.00            |67.00            |
224              |56.00            |65.00            |
224              |56.00            |66.00            |
224              |57.00            |69.00            |
224              |57.00            |65.00            |
224              |56.00            |70.00            |
224              |54.00            |67.00            |
224              |55.00            |67.00            |
224              |56.00            |66.00            |
224              |56.00            |67.00            |
224              |57.00            |69.00            |
224              |57.00            |65.00            |
224              |57.00            |65.00            |
224              |57.00            |67.00            |
224              |55.00            |68.00            |
224              |55.00            |68.00            |
224              |57.00            |69.00            |
224              |57.00            |66.00            |
224              |59.00            |68.00            |
224              |56.00            |66.00            |
224              |56.00            |69.00            |
224              |55.00            |67.00            |
224              |57.00            |66.00            |
224              |56.00            |67.00            |
224              |56.00            |68.00            |
224              |56.00            |65.00            |
224              |57.00            |67.00            |
224              |56.00            |67.00            |
224              |56.00            |64.00            |
224              |57.00            |67.00            |
224              |55.00            |66.00            |
224              |57.00            |67.00            |
224              |55.00            |67.00            |
224              |55.00            |67.00            |
224              |58.00            |66.00            |
224              |57.00            |66.00            |
224              |57.00            |67.00            |
224              |56.00            |66.00            |
224              |55.00            |66.00            |
224              |56.00            |68.00            |
224              |58.00            |66.00            |
224              |55.00            |68.00            |
224              |58.00            |68.00            |
224              |56.00            |67.00            |
224              |55.00            |67.00            |
224              |56.00            |67.00            |
224              |56.00            |68.00            |
224              |55.00            |66.00            |
224              |58.00            |66.00            |
224              |57.00            |67.00            |
224              |58.00            |66.00            |
224              |57.00            |66.00            |
224              |56.00            |65.00            |
224              |55.00            |66.00            |
224              |55.00            |68.00            |
224              |55.00            |66.00            |
224              |56.00            |66.00            |
224              |56.00            |67.00            |
224              |58.00            |66.00            |
224              |56.00            |67.00            |
224              |58.00            |67.00            |
224              |56.00            |67.00            |
224              |56.00            |66.00            |
224              |57.00            |68.00            |
224              |56.00            |68.00            |
224              |57.00            |66.00            |
224              |58.00            |65.00            |
224              |57.00            |66.00            |
224              |56.00            |69.00            |
224              |57.00            |66.00            |
224              |56.00            |67.00            |
224              |56.00            |68.00            |
224              |56.00            |68.00            |
224              |58.00            |68.00            |
224              |57.00            |65.00            |
224              |56.00            |69.00            |
224              |55.00            |68.00            |
224              |57.00            |67.00            |
224              |56.00            |67.00            |
224              |56.00            |66.00            |
224              |55.00            |66.00            |
224              |56.00            |68.00            |
224              |55.00            |66.00            |
224              |55.00            |68.00            |
224              |57.00            |69.00            |
224              |56.00            |67.00            |
224              |57.00            |67.00            |
224              |55.00            |67.00            |
224              |57.00            |68.00            |
224              |55.00            |68.00            |
224              |57.00            |66.00            |
224              |58.00            |64.00            |
224              |56.00            |67.00            |
224              |56.00            |66.00            |
224              |55.00            |67.00            |
224              |55.00            |67.00            |
224              |57.00            |66.00            |
224              |57.00            |67.00            |
224              |55.00            |67.00            |
224              |56.00            |68.00            |
224              |55.00            |66.00            |
224              |56.00            |66.00            |
224              |56.00            |66.00            |
224              |55.00            |67.00            |
224              |55.00            |65.00            |
224              |56.00            |65.00            |
224              |56.00            |67.00            |
224              |56.00            |66.00            |
224              |56.00            |67.00            |
224              |55.00            |64.00            |
224              |56.00            |67.00            |
224              |58.00            |69.00            |
224              |56.00            |67.00            |
224              |56.00            |67.00            |
224              |58.00            |67.00            |
224              |58.00            |68.00            |
224              |55.00            |67.00            |
224              |56.00            |68.00            |
224              |55.00            |65.00            |
224              |58.00            |65.00            |
224              |55.00            |66.00            |
224              |57.00            |65.00            |
224              |55.00            |67.00            |
224              |56.00            |62.00            |
224              |52.00            |61.00            |
224              |52.00            |62.00            |
224              |52.00            |62.00            |
224              |52.00            |62.00            |
224              |52.00            |62.00            |
224              |53.00            |62.00            |
224              |52.00            |62.00            |
224              |53.00            |62.00            |
224              |53.00            |62.00            |
224              |52.00            |62.00            |
224              |52.00            |62.00            |
224              |53.00            |62.00            |
224              |52.00            |62.00            |
224              |53.00            |62.00            |
224              |52.00            |62.00            |
224              |52.00            |61.00            |
224              |52.00            |61.00            |
224              |52.00            |62.00            |
224              |52.00            |62.00            |
224              |52.00            |62.00            |
224              |52.00            |62.00            |
224              |52.00            |62.00            |
224              |53.00            |62.00            |
224              |52.00            |62.00            |
224              |52.00            |62.00            |
224              |52.00            |62.00            |
224              |53.00            |61.00            |
224              |52.00            |62.00            |
224              |52.00            |62.00            |
224              |53.00            |62.00            |
224              |53.00            |62.00            |
224              |53.00            |62.00            |
224              |52.00            |62.00            |
224              |52.00            |62.00            |
224              |52.00            |62.00            |
224              |53.00            |62.00            |
224              |52.00            |62.00            |
224              |52.00            |62.00            |
224              |52.00            |62.00            |
224              |52.00            |62.00            |
224              |52.00            |62.00            |
224              |53.00            |62.00            |
224              |53.00            |62.00            |
224              |52.00            |62.00            |
224              |52.00            |61.00            |
224              |52.00            |62.00            |
224              |52.00            |62.00            |
224              |52.00            |62.00            |
224              |52.00            |62.00            |
224              |52.00            |62.00            |
224              |52.00            |62.00            |
224              |52.00            |62.00            |
224              |52.00            |62.00            |
224              |52.00            |62.00            |
224              |52.00            |62.00            |
224              |52.00            |62.00            |
224              |52.00            |62.00            |
224              |52.00            |62.00            |
224              |52.00            |61.00            |
224              |52.00            |62.00            |
224              |52.00            |61.00            |
224              |52.00            |61.00            |
224              |52.00            |62.00            |
224              |52.00            |62.00            |
224              |52.00            |74.00            |
224              |53.00            |62.00            |
224              |52.00            |61.00            |
224              |53.00            |62.00            |
224              |52.00            |62.00            |
224              |52.00            |62.00            |
224              |52.00            |62.00            |
224              |53.00            |61.00            |
224              |52.00            |62.00            |
224              |52.00            |62.00            |
256              |69.00            |79.00            |
256              |68.00            |79.00            |
256              |68.00            |79.00            |
256              |68.00            |79.00            |
256              |67.00            |79.00            |
256              |68.00            |79.00            |
256              |68.00            |79.00            |
256              |68.00            |79.00            |
256              |68.00            |79.00            |
256              |68.00            |78.00            |
256              |67.00            |79.00            |
256              |68.00            |79.00            |
256              |68.00            |79.00            |
256              |68.00            |79.00            |
256              |68.00            |79.00            |
256              |68.00            |78.00            |
256              |68.00            |79.00            |
256              |68.00            |78.00            |
256              |68.00            |79.00            |
256              |68.00            |79.00            |
256              |67.00            |78.00            |
256              |67.00            |79.00            |
256              |68.00            |79.00            |
256              |68.00            |78.00            |
256              |68.00            |79.00            |
256              |68.00            |79.00            |
256              |68.00            |79.00            |
256              |67.00            |78.00            |
256              |68.00            |79.00            |
256              |68.00            |79.00            |
256              |68.00            |79.00            |
256              |68.00            |79.00            |
256              |68.00            |80.00            |
256              |68.00            |79.00            |
256              |68.00            |78.00            |
256              |67.00            |79.00            |
256              |68.00            |79.00            |
256              |68.00            |78.00            |
256              |68.00            |79.00            |
256              |68.00            |79.00            |
256              |68.00            |79.00            |
256              |68.00            |79.00            |
256              |67.00            |79.00            |
256              |68.00            |79.00            |
256              |68.00            |79.00            |
256              |68.00            |79.00            |
256              |68.00            |78.00            |
256              |68.00            |79.00            |
256              |68.00            |79.00            |
256              |72.00            |78.00            |
256              |68.00            |78.00            |
256              |67.00            |79.00            |
256              |68.00            |78.00            |
256              |68.00            |79.00            |
256              |68.00            |78.00            |
256              |68.00            |79.00            |
256              |68.00            |79.00            |
256              |68.00            |78.00            |
256              |68.00            |79.00            |
256              |68.00            |79.00            |
256              |68.00            |79.00            |
256              |68.00            |79.00            |
256              |68.00            |79.00            |
256              |68.00            |79.00            |
256              |68.00            |79.00            |
256              |67.00            |79.00            |
256              |68.00            |79.00            |
256              |68.00            |79.00            |
256              |68.00            |79.00            |
256              |68.00            |79.00            |
256              |68.00            |78.00            |
256              |68.00            |79.00            |
256              |67.00            |79.00            |
256              |68.00            |79.00            |
256              |68.00            |78.00            |
256              |68.00            |79.00            |
256              |68.00            |79.00            |
256              |68.00            |79.00            |
256              |68.00            |78.00            |
256              |68.00            |79.00            |
256              |68.00            |78.00            |
256              |68.00            |79.00            |
256              |67.00            |79.00            |
256              |68.00            |79.00            |
256              |67.00            |79.00            |
256              |67.00            |79.00            |
256              |68.00            |79.00            |
256              |67.00            |79.00            |
256              |68.00            |79.00            |
256              |68.00            |79.00            |
256              |67.00            |79.00            |
256              |68.00            |79.00            |
256              |68.00            |78.00            |
256              |68.00            |79.00            |
256              |67.00            |78.00            |
256              |68.00            |79.00            |
256              |68.00            |79.00            |
256              |67.00            |78.00            |
256              |68.00            |79.00            |
256              |68.00            |78.00            |
256              |68.00            |78.00            |
256              |68.00            |79.00            |
256              |67.00            |79.00            |
256              |68.00            |79.00            |
256              |68.00            |79.00            |
256              |68.00            |78.00            |
256              |68.00            |78.00            |
256              |68.00            |79.00            |
256              |68.00            |78.00            |
256              |68.00            |78.00            |
256              |69.00            |80.00            |
256              |67.00            |78.00            |
256              |68.00            |79.00            |
256              |68.00            |79.00            |
256              |68.00            |78.00            |
256              |68.00            |79.00            |
256              |68.00            |79.00            |
256              |68.00            |79.00            |
256              |68.00            |79.00            |
256              |68.00            |78.00            |
256              |68.00            |80.00            |
256              |68.00            |79.00            |
256              |68.00            |79.00            |
256              |68.00            |79.00            |
256              |68.00            |79.00            |
256              |67.00            |78.00            |
256              |68.00            |80.00            |
256              |69.00            |78.00            |
256              |68.00            |79.00            |
256              |68.00            |79.00            |
256              |68.00            |79.00            |
256              |68.00            |79.00            |
256              |68.00            |78.00            |
256              |67.00            |79.00            |
256              |67.00            |79.00            |
256              |67.00            |79.00            |
256              |68.00            |79.00            |
256              |68.00            |79.00            |
256              |68.00            |79.00            |
256              |67.00            |79.00            |
256              |68.00            |79.00            |
256              |67.00            |78.00            |
256              |68.00            |79.00            |
256              |68.00            |79.00            |
256              |68.00            |79.00            |
256              |68.00            |79.00            |
256              |67.00            |79.00            |
256              |68.00            |79.00            |
256              |68.00            |79.00            |
256              |68.00            |78.00            |
256              |68.00            |79.00            |
256              |68.00            |79.00            |
256              |68.00            |79.00            |
256              |68.00            |78.00            |
256              |68.00            |78.00            |
256              |69.00            |78.00            |
256              |68.00            |80.00            |
256              |68.00            |79.00            |
256              |68.00            |79.00            |
256              |67.00            |78.00            |
256              |68.00            |79.00            |
256              |68.00            |79.00            |
256              |68.00            |79.00            |
256              |68.00            |79.00            |
256              |68.00            |78.00            |
256              |68.00            |78.00            |
256              |68.00            |79.00            |
256              |68.00            |79.00            |
256              |67.00            |78.00            |
256              |68.00            |79.00            |
256              |68.00            |79.00            |
256              |68.00            |79.00            |
256              |67.00            |79.00            |
256              |67.00            |80.00            |
256              |68.00            |79.00            |
256              |68.00            |79.00            |
256              |67.00            |78.00            |
256              |68.00            |79.00            |
256              |68.00            |79.00            |
256              |68.00            |79.00            |
256              |68.00            |79.00            |
256              |68.00            |79.00            |
256              |68.00            |78.00            |
256              |67.00            |78.00            |
256              |68.00            |79.00            |
256              |68.00            |79.00            |
256              |68.00            |79.00            |
256              |67.00            |79.00            |
256              |68.00            |79.00            |
256              |67.00            |78.00            |
256              |68.00            |78.00            |
256              |68.00            |79.00            |
256              |68.00            |79.00            |
256              |69.00            |78.00            |
256              |68.00            |79.00            |
256              |68.00            |79.00            |
256              |68.00            |79.00            |
256              |68.00            |79.00            |
256              |68.00            |80.00            |
256              |68.00            |79.00            |
384              |163.00           |184.00           |
384              |163.00           |184.00           |
384              |164.00           |185.00           |
384              |163.00           |184.00           |
384              |164.00           |184.00           |
384              |164.00           |186.00           |
384              |178.00           |200.00           |
384              |174.00           |194.00           |
384              |176.00           |201.00           |
384              |175.00           |197.00           |
384              |178.00           |201.00           |
384              |179.00           |200.00           |
384              |176.00           |197.00           |
384              |175.00           |200.00           |
384              |176.00           |197.00           |
384              |174.00           |198.00           |
384              |177.00           |198.00           |
384              |176.00           |197.00           |
384              |173.00           |197.00           |
384              |176.00           |197.00           |
384              |175.00           |199.00           |
384              |174.00           |196.00           |
384              |176.00           |197.00           |
384              |173.00           |198.00           |
384              |178.00           |195.00           |
384              |176.00           |198.00           |
384              |173.00           |196.00           |
384              |176.00           |198.00           |
384              |172.00           |197.00           |
384              |176.00           |196.00           |
384              |176.00           |195.00           |
384              |174.00           |196.00           |
384              |174.00           |198.00           |
384              |177.00           |198.00           |
384              |177.00           |196.00           |
384              |177.00           |196.00           |
384              |176.00           |201.00           |
384              |179.00           |203.00           |
384              |175.00           |199.00           |
384              |177.00           |202.00           |
384              |178.00           |200.00           |
384              |177.00           |196.00           |
384              |177.00           |197.00           |
384              |171.00           |191.00           |
384              |169.00           |189.00           |
384              |169.00           |190.00           |
384              |172.00           |190.00           |
384              |169.00           |191.00           |
384              |170.00           |190.00           |
384              |169.00           |189.00           |
384              |168.00           |191.00           |
384              |176.00           |198.00           |
384              |177.00           |197.00           |
384              |176.00           |193.00           |
384              |170.00           |197.00           |
384              |172.00           |194.00           |
384              |175.00           |198.00           |
384              |173.00           |194.00           |
384              |169.00           |190.00           |
384              |169.00           |191.00           |
384              |173.00           |193.00           |
384              |173.00           |195.00           |
384              |174.00           |194.00           |
384              |174.00           |195.00           |
384              |174.00           |194.00           |
384              |176.00           |194.00           |
384              |174.00           |195.00           |
384              |172.00           |194.00           |
384              |173.00           |198.00           |
384              |173.00           |192.00           |
384              |173.00           |195.00           |
384              |172.00           |193.00           |
384              |172.00           |192.00           |
384              |175.00           |195.00           |
384              |175.00           |193.00           |
384              |174.00           |195.00           |
384              |174.00           |195.00           |
384              |174.00           |211.00           |
384              |186.00           |190.00           |
384              |168.00           |190.00           |
384              |168.00           |188.00           |
384              |168.00           |189.00           |
384              |168.00           |193.00           |
384              |175.00           |194.00           |
384              |173.00           |195.00           |
384              |173.00           |194.00           |
384              |174.00           |195.00           |
384              |172.00           |194.00           |
384              |175.00           |194.00           |
384              |174.00           |193.00           |
384              |173.00           |193.00           |
384              |170.00           |193.00           |
384              |170.00           |194.00           |
384              |173.00           |193.00           |
384              |173.00           |196.00           |
384              |171.00           |192.00           |
384              |168.00           |195.00           |
384              |175.00           |193.00           |
384              |175.00           |197.00           |
384              |176.00           |198.00           |
384              |175.00           |195.00           |
384              |175.00           |194.00           |
384              |174.00           |194.00           |
384              |172.00           |193.00           |
384              |170.00           |225.00           |
384              |171.00           |193.00           |
384              |174.00           |195.00           |
384              |174.00           |195.00           |
384              |173.00           |196.00           |
384              |175.00           |194.00           |
384              |175.00           |194.00           |
384              |176.00           |196.00           |
384              |172.00           |196.00           |
384              |174.00           |196.00           |
384              |175.00           |197.00           |
384              |173.00           |194.00           |
384              |174.00           |193.00           |
384              |172.00           |197.00           |
384              |173.00           |192.00           |
384              |178.00           |193.00           |
384              |173.00           |194.00           |
384              |172.00           |192.00           |
384              |170.00           |197.00           |
384              |173.00           |196.00           |
384              |173.00           |194.00           |
384              |174.00           |192.00           |
384              |173.00           |195.00           |
384              |175.00           |196.00           |
384              |173.00           |194.00           |
384              |170.00           |196.00           |
384              |173.00           |196.00           |
384              |171.00           |195.00           |
384              |173.00           |195.00           |
384              |171.00           |196.00           |
384              |175.00           |195.00           |
384              |175.00           |195.00           |
384              |174.00           |193.00           |
384              |172.00           |197.00           |
384              |173.00           |192.00           |
384              |172.00           |197.00           |
384              |173.00           |191.00           |
384              |173.00           |192.00           |
384              |175.00           |194.00           |
384              |175.00           |195.00           |
384              |174.00           |193.00           |
384              |174.00           |196.00           |
384              |173.00           |193.00           |
384              |173.00           |195.00           |
384              |178.00           |200.00           |
384              |177.00           |199.00           |
384              |174.00           |195.00           |
384              |174.00           |195.00           |
384              |174.00           |197.00           |
384              |174.00           |196.00           |
384              |174.00           |193.00           |
384              |173.00           |194.00           |
384              |173.00           |194.00           |
384              |174.00           |196.00           |
384              |179.00           |193.00           |
384              |175.00           |195.00           |
384              |174.00           |195.00           |
384              |172.00           |196.00           |
384              |175.00           |196.00           |
384              |175.00           |194.00           |
384              |173.00           |193.00           |
384              |174.00           |194.00           |
384              |175.00           |196.00           |
384              |175.00           |197.00           |
384              |173.00           |195.00           |
384              |175.00           |196.00           |
384              |175.00           |194.00           |
384              |174.00           |194.00           |
384              |170.00           |193.00           |
384              |173.00           |192.00           |
384              |172.00           |194.00           |
384              |172.00           |194.00           |
384              |170.00           |195.00           |
384              |171.00           |195.00           |
384              |172.00           |191.00           |
384              |174.00           |194.00           |
384              |172.00           |194.00           |
384              |173.00           |192.00           |
384              |172.00           |192.00           |
384              |174.00           |194.00           |
384              |173.00           |192.00           |
384              |171.00           |194.00           |
384              |175.00           |194.00           |
384              |176.00           |192.00           |
384              |174.00           |194.00           |
384              |173.00           |196.00           |
384              |170.00           |194.00           |
384              |174.00           |194.00           |
384              |174.00           |194.00           |
384              |173.00           |192.00           |
384              |173.00           |191.00           |
384              |174.00           |193.00           |
384              |173.00           |194.00           |
384              |173.00           |192.00           |
384              |177.00           |194.00           |
384              |174.00           |197.00           |
512              |337.00           |371.00           |
512              |338.00           |372.00           |
512              |337.00           |373.00           |
512              |339.00           |368.00           |
512              |337.00           |370.00           |
512              |338.00           |369.00           |
512              |334.00           |371.00           |
512              |336.00           |373.00           |
512              |334.00           |368.00           |
512              |335.00           |370.00           |
512              |332.00           |372.00           |
512              |339.00           |372.00           |
512              |335.00           |375.00           |
512              |335.00           |368.00           |
512              |339.00           |365.00           |
512              |336.00           |371.00           |
512              |337.00           |370.00           |
512              |335.00           |370.00           |
512              |335.00           |373.00           |
512              |338.00           |370.00           |
512              |338.00           |369.00           |
512              |335.00           |372.00           |
512              |336.00           |372.00           |
512              |337.00           |370.00           |
512              |334.00           |369.00           |
512              |336.00           |379.00           |
512              |338.00           |369.00           |
512              |333.00           |367.00           |
512              |335.00           |368.00           |
512              |340.00           |369.00           |
512              |336.00           |370.00           |
512              |337.00           |366.00           |
512              |337.00           |367.00           |
512              |338.00           |373.00           |
512              |334.00           |367.00           |
512              |338.00           |367.00           |
512              |338.00           |371.00           |
512              |336.00           |368.00           |
512              |337.00           |372.00           |
512              |338.00           |368.00           |
512              |337.00           |362.00           |
512              |330.00           |364.00           |
512              |340.00           |362.00           |
512              |327.00           |363.00           |
512              |329.00           |361.00           |
512              |339.00           |373.00           |
512              |335.00           |371.00           |
512              |335.00           |374.00           |
512              |342.00           |372.00           |
512              |335.00           |371.00           |
512              |337.00           |367.00           |
512              |336.00           |367.00           |
512              |335.00           |366.00           |
512              |337.00           |369.00           |
512              |337.00           |371.00           |
512              |336.00           |369.00           |
512              |339.00           |370.00           |
512              |334.00           |375.00           |
512              |339.00           |370.00           |
512              |336.00           |366.00           |
512              |329.00           |371.00           |
512              |334.00           |362.00           |
512              |327.00           |372.00           |
512              |340.00           |370.00           |
512              |335.00           |367.00           |
512              |338.00           |374.00           |
512              |339.00           |371.00           |
512              |335.00           |368.00           |
512              |339.00           |369.00           |
512              |332.00           |372.00           |
512              |337.00           |372.00           |
512              |337.00           |375.00           |
512              |339.00           |369.00           |
512              |334.00           |373.00           |
512              |338.00           |372.00           |
512              |337.00           |369.00           |
512              |336.00           |373.00           |
512              |335.00           |368.00           |
512              |334.00           |369.00           |
512              |339.00           |368.00           |
512              |336.00           |373.00           |
512              |337.00           |371.00           |
512              |341.00           |369.00           |
512              |340.00           |369.00           |
512              |337.00           |368.00           |
512              |338.00           |373.00           |
512              |339.00           |368.00           |
512              |335.00           |368.00           |
512              |337.00           |367.00           |
512              |334.00           |373.00           |
512              |336.00           |369.00           |
512              |333.00           |371.00           |
512              |337.00           |373.00           |
512              |339.00           |366.00           |
512              |336.00           |370.00           |
512              |336.00           |364.00           |
512              |336.00           |368.00           |
512              |339.00           |367.00           |
512              |337.00           |370.00           |
512              |341.00           |369.00           |
512              |338.00           |372.00           |
512              |341.00           |372.00           |
512              |337.00           |366.00           |
512              |340.00           |371.00           |
512              |336.00           |368.00           |
512              |337.00           |370.00           |
512              |335.00           |373.00           |
512              |336.00           |366.00           |
512              |335.00           |369.00           |
512              |336.00           |369.00           |
512              |337.00           |366.00           |
512              |339.00           |369.00           |
512              |338.00           |372.00           |
512              |337.00           |371.00           |
512              |337.00           |372.00           |
512              |339.00           |372.00           |
512              |337.00           |370.00           |
512              |336.00           |370.00           |
512              |337.00           |370.00           |
512              |334.00           |370.00           |
512              |334.00           |370.00           |
512              |340.00           |366.00           |
512              |337.00           |368.00           |
512              |339.00           |367.00           |
512              |334.00           |368.00           |
512              |337.00           |369.00           |
512              |340.00           |367.00           |
512              |339.00           |368.00           |
512              |329.00           |367.00           |
512              |339.00           |372.00           |
512              |337.00           |368.00           |
512              |340.00           |370.00           |
512              |338.00           |368.00           |
512              |338.00           |369.00           |
512              |341.00           |371.00           |
512              |335.00           |362.00           |
512              |331.00           |361.00           |
512              |337.00           |369.00           |
512              |336.00           |370.00           |
512              |336.00           |370.00           |
512              |336.00           |370.00           |
512              |337.00           |373.00           |
512              |338.00           |367.00           |
512              |337.00           |368.00           |
512              |338.00           |370.00           |
512              |340.00           |369.00           |
512              |337.00           |371.00           |
512              |338.00           |372.00           |
512              |337.00           |370.00           |
512              |338.00           |370.00           |
512              |341.00           |368.00           |
512              |335.00           |375.00           |
512              |337.00           |372.00           |
512              |335.00           |367.00           |
512              |335.00           |370.00           |
512              |336.00           |370.00           |
512              |335.00           |372.00           |
512              |338.00           |372.00           |
512              |338.00           |369.00           |
512              |339.00           |371.00           |
512              |337.00           |374.00           |
512              |338.00           |368.00           |
512              |337.00           |362.00           |
512              |327.00           |360.00           |
512              |331.00           |362.00           |
512              |328.00           |361.00           |
512              |327.00           |370.00           |
512              |338.00           |369.00           |
512              |336.00           |371.00           |
512              |332.00           |360.00           |
512              |331.00           |362.00           |
512              |332.00           |367.00           |
512              |339.00           |375.00           |
512              |340.00           |370.00           |
512              |335.00           |373.00           |
512              |335.00           |374.00           |
512              |332.00           |370.00           |
512              |341.00           |368.00           |
512              |337.00           |370.00           |
512              |330.00           |363.00           |
512              |331.00           |429.00           |
512              |333.00           |359.00           |
512              |329.00           |365.00           |
512              |337.00           |367.00           |
512              |334.00           |371.00           |
512              |335.00           |371.00           |
512              |338.00           |371.00           |
512              |335.00           |368.00           |
512              |342.00           |369.00           |
512              |335.00           |371.00           |
512              |340.00           |367.00           |
512              |335.00           |374.00           |
512              |336.00           |372.00           |
512              |332.00           |365.00           |
512              |335.00           |368.00           |
512              |339.00           |372.00           |
512              |342.00           |372.00           |
512              |342.00           |372.00           |
512              |335.00           |367.00           |
512              |337.00           |378.00           |
